run:
 0 0
 1 0
 2 0
 3 0
 4 0
 5 0
 6 0
 7 0
 8 0
 9 0
10 0
11 0
12 0
13 0
14 0
15 0
16 0
17 0
18 0
19 0
20 2
21 2
22 2
23 9
24 60
25 62
26 107
27 431
28 452
29 697
30 1156
31 4383
32 3916
33 5674
34 19517
35 15488
36 20979
37 63762
38 46083
39 57139
40 70968
41 189258
42 121341
43 140913
44 341288
45 200607
46 219092
47 236220
48 511312
49 270093
50 275125
51 551249
52 268497
53 258883
54 245348
55 447163
56 196067
57 177045
58 295221
59 119800
60 102845
61 87085
62 131775
63 48298
64 38029
65 54232
66 18154
67 13863
68 17831
69 5574
70 3921
71 2755
72 3204
73 866
74 648
75 691
76 141
77 88
78 50
79 59
80 9
81 4
82 2
83 0
84 0
85 0
86 1
87 0
88 0
89 0
90 0
91 0
92 0
93 0
94 0
95 0
96 0
97 0
98 0
99 0
BUILD SUCCESSFUL (total time: 36 minutes 20 seconds)
